5.091605780612647436e+01
4.598636396044922492e+01
4.176694735184972274e+01
4.689609307841639207e+01
4.097378353147460928e+01
4.884573421670622650e+01
4.423266029345990802e+01
4.631932930284484229e+01
4.859496253465023585e+01
4.290290220109108077e+01
4.517520530142046198e+01
5.027201552088046554e+01
4.880452929300074061e+01
4.930060702440201936e+01
5.176899795182828967e+01
4.432402988202009908e+01
4.566733528532974162e+01
4.640285099550411019e+01
4.787498997049723215e+01
4.498435275940950362e+01
5.102164914533379658e+01
4.913730383237668775e+01
4.679360636182804711e+01
4.783316425729295673e+01
4.998665477356831843e+01
4.732847357726352300e+01
5.124823840432289046e+01
4.649139223921108766e+01
5.134057832354826445e+01
4.845300746792831603e+01
4.545078158495653042e+01
4.716016996666608208e+01
4.071318474446709956e+01
4.837006700275041027e+01
4.115689022412976072e+01
4.533836375994517454e+01
4.307824185739411860e+01
4.423236598462981561e+01
4.551536636794193669e+01
4.842502281109432261e+01
4.871237382490821943e+01
4.372668528016008338e+01
4.968009344485431455e+01
3.995379029106477731e+01
5.145826989932222517e+01
5.270910532110224977e+01
4.589469770039865892e+01
4.816329541765804834e+01
4.444127394200904035e+01
5.006256845934762367e+01
4.525139444734193717e+01
4.743622858930771002e+01
4.753480481275456526e+01
4.027746377414636925e+01
4.761898849591803895e+01
4.636995160941601313e+01
4.294795942632289609e+01
4.629807805077431482e+01
4.539570177709179433e+01
4.648836959653560541e+01
4.655056711617320531e+01
4.144463641886790128e+01
4.186795072386742333e+01
4.837103224271957913e+01
5.141590046859177221e+01
4.028701117295951661e+01
4.473701017843863070e+01
4.726713196161161079e+01
4.835815398391702047e+01
4.636072329595597097e+01
4.403081094351704650e+01
4.545333711176038349e+01
4.456895490279917027e+01
4.172149199568401201e+01
4.531861906563493392e+01
4.812205353589707357e+01
4.452996442972314384e+01
5.127417042154100102e+01
4.662215436214700759e+01
4.745255422739357698e+01
4.436840961872173494e+01
4.187747167435341566e+01
4.592993400795416647e+01
4.391548771138002394e+01
5.326382376542400721e+01
4.894472664073915524e+01
4.691312938043643044e+01
4.283855733293587775e+01
5.319614336052281089e+01
4.161008110880966626e+01
4.301276251372689785e+01
5.157210654874946698e+01
4.440109917828930008e+01
5.040964554852141788e+01
4.708475912489721793e+01
5.100764947236360314e+01
4.651542473627162622e+01
4.594343490106284378e+01
4.325491608526826326e+01
4.603602521130804348e+01
4.845550808087916295e+01
4.471867123804183564e+01
4.960554759070498676e+01
4.758255845567851594e+01
4.433039149274929969e+01
4.770259699597262681e+01
4.434264750798859467e+01
4.246211580212732883e+01
4.994263598399342641e+01
4.299277158977465518e+01
4.432460764085125504e+01
5.358606386789256248e+01
4.741141527816632362e+01
4.871664592614511236e+01
4.074675328554063469e+01
4.580286568392336477e+01
3.960622102837580627e+01
4.478695801724957448e+01
5.310189072796040222e+01
5.295770938290976204e+01
5.569267704013554976e+01
4.879786476480051505e+01
4.592591159468960171e+01
4.316799396975090986e+01
4.738942187316870047e+01
4.812597557104438550e+01
4.702907338819087357e+01
5.525198389293785084e+01
4.654220062567763705e+01
4.399751798504353673e+01
4.223210979185653002e+01
4.948213353058763175e+01
4.060403642317648121e+01
4.734383859349224366e+01
4.446430025536757569e+01
4.314491112363797498e+01
4.668952047458531496e+01
4.826718425107519295e+01
4.532381229286330182e+01
5.081286941951522351e+01
4.547810010493653010e+01
4.022384389166871443e+01
4.581518639706442286e+01
5.013277959123391270e+01
4.396338411368149934e+01
4.025591489378445686e+01
4.817880459427741613e+01
4.239926289880593657e+01
4.588273067194052857e+01
4.769107792693748848e+01
4.759436710591563013e+01
5.338706453061314505e+01
5.498127200257576419e+01
4.234613632360900226e+01
5.008227255042821469e+01
4.270617219605760084e+01
3.685421723392035176e+01
5.195115041670409539e+01
4.856504009218730289e+01
4.894319226842068815e+01
3.574498100482676222e+01
4.453443888366279424e+01
4.509191983664402414e+01
4.382971683761929427e+01
4.464889847611009799e+01
4.590993422580768168e+01
5.023749701591594174e+01
5.800421377538111045e+01
4.520128264107811589e+01
4.942444791137783966e+01
5.220802794728245289e+01
4.827104414110450392e+01
5.032446827478037932e+01
4.913593715669201600e+01
4.512903783226481380e+01
4.310587386540473886e+01
4.634742979510474470e+01
4.318203984228982506e+01
5.073632967458918586e+01
4.521434536758893330e+01
5.250555759612717566e+01
4.727964466007386335e+01
4.730441352812158584e+01
4.820129061477589971e+01
5.224162775240423429e+01
4.691873838525516760e+01
4.932736471403837442e+01
4.449710259776607302e+01
3.866131042393542572e+01
4.507404823130703875e+01
4.558562932344889873e+01
4.166472760201605752e+01
5.216614725860561919e+01
4.623876433372444694e+01
5.102567804557523345e+01
4.778422642417059052e+01
4.434638097516289434e+01
4.994570980965193741e+01
4.714196990287351241e+01
4.665057967100040770e+01
4.345327218135147973e+01
4.689742625807571841e+01
4.900549253200858857e+01
4.893848711960089304e+01
4.582832602167385971e+01
5.103324577852831823e+01
5.095000613078765639e+01
5.339043762789211200e+01
4.851899802934666184e+01
4.544985115019671440e+01
4.774057200714454297e+01
4.605344251220788721e+01
4.360082691985225978e+01
3.788878561494320252e+01
5.173818266029809365e+01
4.484519053835425950e+01
5.280221882265373523e+01
4.396141912982875510e+01
4.380698295417673904e+01
4.684295838374962528e+01
5.415635066407420339e+01
4.086391204439120628e+01
4.204278469928185302e+01
5.021513308171898871e+01
4.394796885112626228e+01
4.904389456586532248e+01
4.356878611774103405e+01
4.901492076008089072e+01
4.373212497227404327e+01
4.440148549826285773e+01
4.652276810001637841e+01
4.356757752349170687e+01
5.002782410630993581e+01
4.625040994204622535e+01
4.758803544358379867e+01
5.042916399581188358e+01
3.754815950423744653e+01
5.035805985298901533e+01
5.190507855137483517e+01
4.560787364749687356e+01
5.305858540202940077e+01
5.116876199329646369e+01
4.191134730423287635e+01
5.089656201862647578e+01
4.382423634165781579e+01
4.829721925459936216e+01
4.984936821884906522e+01
4.518172305006348921e+01
4.939584767834982415e+01
4.732246034922658140e+01
4.327012470388543619e+01
4.085981665371943450e+01
4.944720712877035851e+01
4.556517492665813762e+01
5.311656987902468074e+01
5.001683827450072073e+01
5.468267460980413830e+01
5.081384927205887436e+01
4.814286231732849330e+01
5.261921352555543052e+01
4.441985039957420156e+01
5.373612461719500999e+01
5.092314143443651631e+01
5.022148253105958560e+01
5.205841940622256914e+01
3.990548351483865019e+01
4.653083835851841599e+01
4.537566572483082439e+01
4.653568964610802539e+01
5.333398287947367322e+01
4.679770458528497556e+01
4.191138509945290025e+01
5.016598061582113388e+01
4.419542333815056168e+01
5.398023779820160684e+01
5.296540939085436150e+01
4.627217973955750807e+01
4.601972890805333094e+01
5.262095299827841188e+01
4.995576634795801851e+01
4.697833914375281950e+01
4.652572666316721239e+01
4.034239642513460211e+01
4.438463449207530687e+01
5.521778840357241336e+01
4.438523497052760547e+01
4.272095526868216808e+01
4.334862459828586623e+01
4.724657793909148040e+01
4.378465623647100813e+01
4.402907875001073279e+01
4.851828888122774686e+01
4.564323834323472795e+01
5.323533797638769016e+01
3.933017950006694008e+01
4.006228649973206757e+01
4.551768888163228866e+01
4.405507532482015876e+01
4.471134463816915883e+01
4.774158762286951685e+01
5.016403940376871162e+01
4.826431662887085849e+01
4.987253412069706826e+01
4.761754978531581628e+01
4.803080407079017533e+01
4.936550703067616297e+01
4.747083007256045306e+01
3.990721537311517864e+01
4.776298713513626382e+01
4.961192079755051765e+01
4.268132043554436450e+01
4.582095609101723710e+01
4.228737861688064470e+01
4.625124339442141519e+01
4.270746597909224107e+01
4.261726687028322402e+01
3.821823687724009488e+01
4.322582312915480429e+01
4.949213514178593698e+01
4.719826211836876695e+01
4.505357642646360006e+01
5.113035748317161477e+01
4.581330009773515144e+01
4.750802057591859295e+01
4.518685695987712592e+01
4.999032441597947241e+01
5.279692213606124085e+01
4.755325250897084288e+01
4.915851990908898017e+01
5.435952335349733744e+01
4.840025054623684753e+01
5.663891545667749483e+01
4.656545927070875024e+01
5.022806323723955302e+01
4.926564284508308589e+01
5.208585514627828417e+01
4.736447100153429801e+01
4.332281248749062996e+01
4.980400175768079407e+01
4.512725894196238130e+01
5.126440657223717778e+01
5.254139424900148470e+01
5.243899635297442074e+01
3.970524742381861927e+01
4.124422523496856741e+01
3.937869355654034109e+01
5.254805074205830095e+01
4.375865147175087344e+01
4.756351801693243431e+01
4.097347144528356466e+01
5.089747186709866611e+01
4.248924688354732382e+01
4.854478444462651510e+01
4.913989019778266965e+01
4.963514155667705552e+01
5.037428924444552791e+01
4.705769133508691482e+01
4.378663454771215413e+01
4.772455079107212583e+01
4.931189552032788725e+01
4.284909337224230086e+01
4.439728740193240952e+01
4.472633952642313915e+01
5.299781038815731193e+01
4.682840022566325899e+01
4.500647130823258379e+01
4.614109741277799515e+01
4.650947158453362107e+01
4.380834279457858571e+01
4.664395470596430471e+01
4.489857658570253562e+01
4.803237761018418439e+01
3.740562146449820347e+01
4.643974054502604076e+01
5.038596860207285033e+01
4.339616051517126749e+01
4.833238350307224351e+01
4.507842687070347409e+01
5.440671222645971028e+01
4.241837067603283629e+01
4.697475084716399607e+01
5.129903106164741189e+01
4.648969945398180670e+01
4.146448025827472605e+01
4.767751496346264162e+01
4.958709680149613774e+01
4.084443229097321648e+01
5.284297316370031439e+01
4.344836289559307829e+01
4.124733214526982295e+01
4.662970281466832034e+01
5.186869534563395234e+01
4.511675376356237877e+01
4.013914001830043077e+01
4.330727646734441549e+01
5.144871754316984891e+01
4.317634536953218571e+01
5.150062115501366122e+01
4.889962124967658497e+01
4.148704469899227121e+01
5.160291562856880887e+01
4.680796057809200050e+01
4.316276400586050954e+01
4.205492919700088095e+01
5.055573638694257710e+01
4.531824809605091531e+01
4.748587094640890882e+01
4.829663155564335142e+01
4.278042143444184831e+01
5.001677106533043826e+01
4.855287200962410310e+01
4.305498385077257950e+01
4.208786859058537289e+01
4.459033524051270803e+01
4.366076705379861522e+01
4.806101048051925773e+01
4.825068529177281107e+01
5.136826255123483520e+01
4.804291582207653732e+01
4.531097937220314265e+01
4.531700155071143854e+01
4.942649052454753900e+01
5.100189840937171937e+01
4.295507460516003562e+01
4.941357255177100427e+01
3.883805164748771688e+01
4.493929791070559077e+01
4.201655299174731795e+01
5.232082539393323373e+01
4.843473263809713103e+01
4.491800504174339181e+01
4.746676906468759682e+01
5.475976781966861751e+01
5.409533554559468627e+01
5.311205490480661240e+01
5.191612006148978509e+01
4.116033480590735394e+01
4.414185701592776212e+01
4.270552433933464442e+01
5.184410673306020811e+01
5.326572692555370736e+01
4.825656397014583376e+01
4.976626949006072920e+01
4.637058503997047865e+01
5.853642594796997400e+01
5.556450234304001867e+01
4.847240422671956850e+01
4.633665437782956786e+01
4.637714847777032645e+01
4.981726706403595983e+01
5.267127706758480343e+01
5.030349351174928785e+01
4.573758509125119787e+01
4.846472769355153076e+01
4.887417003599716736e+01
4.771340871631112179e+01
5.580000650561252229e+01
4.034396068509945366e+01
4.434904619082170996e+01
4.595261490233480117e+01
4.272169281037321298e+01
5.023369741178618142e+01
4.887601057948130290e+01
4.673563068242484064e+01
4.822355718185072959e+01
4.792366070242099596e+01
4.898367302909931453e+01
5.150046058764898760e+01
5.277249744370848816e+01
4.892870801243955725e+01
4.444962340273148271e+01
4.269380247405705120e+01
4.335325233126879141e+01
4.975136046071870055e+01
4.583431595745367559e+01
4.738460170615175571e+01
5.207478371324545208e+01
4.231438526274404666e+01
4.446845716438154028e+01
5.669132695850599646e+01
4.819044240655508560e+01
5.126687917304299447e+01
4.327033798204928416e+01
4.584137537594676814e+01
4.647507422366239638e+01
4.887969910518553007e+01
5.302398377850420275e+01
5.276907220162882339e+01
4.766324714820543562e+01
4.055358247108159730e+01
4.772657525537856316e+01
4.822984595726545365e+01
4.521012226968261416e+01
4.691609970300824273e+01
4.674477859682178149e+01
4.711194123600903083e+01
4.657429044465813917e+01
4.815455964250157450e+01
3.721299302379826912e+01
4.945304410230652081e+01
