2.468437017853560889e+01
2.921539406672972916e+01
2.675218381942973167e+01
2.426783727961659665e+01
2.304848063237004396e+01
2.718958990782732599e+01
2.282867627426136181e+01
2.494729834787020550e+01
2.568597717700388117e+01
2.076887446460529674e+01
2.297674628930602836e+01
2.490146183616376163e+01
2.503737728464291834e+01
2.869669401047141832e+01
2.348667183048983631e+01
2.534030506787740933e+01
2.428874076399454296e+01
2.098925836595052630e+01
2.228391064856908343e+01
2.610527718376052775e+01
2.556699088057490243e+01
2.236472590409604777e+01
2.903586541906164342e+01
2.641658314108978800e+01
3.303323925254556315e+01
2.419911343971322637e+01
2.492078154491533581e+01
2.678812064923667080e+01
2.619005881876700315e+01
2.305530405927219917e+01
2.690680830490206077e+01
2.539288173265687831e+01
2.304347271998423707e+01
2.320665835217248940e+01
2.473232941769814985e+01
2.369942148102964907e+01
2.212483842108582976e+01
2.812024530789076593e+01
2.435231263510190658e+01
2.772773966897213427e+01
2.463670034754777305e+01
2.423945822175696918e+01
2.629945023437184304e+01
2.603470892987630947e+01
2.766872062945752475e+01
3.036230454171624160e+01
2.482350670911501567e+01
2.653227950854451933e+01
2.680155417555953079e+01
2.878309248077202653e+01
2.430485383890810880e+01
2.618175753127831840e+01
2.376953710494577265e+01
2.414083937629021648e+01
2.502186980376099967e+01
2.623331671612905325e+01
2.614535100444176763e+01
2.892377435418815779e+01
2.364557441814217142e+01
2.739906429612996419e+01
2.123583485390988557e+01
2.385675448314385250e+01
2.269967080171340967e+01
2.746861749807364816e+01
2.473067616741505859e+01
1.994405317278210532e+01
2.346275244930250992e+01
2.218618453863163253e+01
2.422509300121389231e+01
2.790389089251782551e+01
1.877818859991790390e+01
2.682109286768649525e+01
2.577301447715794680e+01
2.339913321254762124e+01
2.462738026995332774e+01
2.631393766454157301e+01
2.335949728548382964e+01
2.777709578681904645e+01
2.300460027841477739e+01
2.382846670113782750e+01
2.756934041704055360e+01
2.243051223386562754e+01
2.269406463350290082e+01
2.193069449439609997e+01
2.662609658546903546e+01
2.930288456374691108e+01
2.338690242996691637e+01
2.456859906347067835e+01
2.702464709251235675e+01
2.444744615270243315e+01
2.445408883009441325e+01
2.255099382772443306e+01
2.669852958466531945e+01
2.869951683177659874e+01
2.386669523949101901e+01
2.491187378207466452e+01
2.708569491785951300e+01
2.498677793688822035e+01
2.390390708387222318e+01
2.424543545703242842e+01
3.029001586397643209e+01
2.701331584061044921e+01
3.377345987774749858e+01
2.691150892029025243e+01
2.334256361634375665e+01
3.012167911952103339e+01
2.205970430363302626e+01
1.686557830130481506e+01
2.421381554455551566e+01
2.033086528426187911e+01
2.784355270466441468e+01
2.494540346431314504e+01
3.022303544552796595e+01
2.445805358548655306e+01
2.188698857015053179e+01
2.185801750850507830e+01
2.289750117958593023e+01
2.695306477221912544e+01
2.659972206918477511e+01
2.348511828088361497e+01
2.678278530536157831e+01
2.159351300290520115e+01
2.418929548474336144e+01
2.181150725415414016e+01
2.698411823993433245e+01
2.077037080315439965e+01
2.677227866277490875e+01
2.644338451271802626e+01
2.551549467636762358e+01
2.517482904491255979e+01
2.751631539760955292e+01
2.770338661031399496e+01
2.395829929106184508e+01
2.556192087464347651e+01
1.712323143956485438e+01
2.189941160143404630e+01
2.602918841079446111e+01
2.152873091019122853e+01
2.724605694421090263e+01
2.741237911758233636e+01
2.634088074137019575e+01
2.206873362769975699e+01
2.063193795792855667e+01
2.872243495659908064e+01
2.423883612601455084e+01
2.164995717801641462e+01
2.625466487950552619e+01
2.301079500677217737e+01
2.427679172484617709e+01
2.581724491048540671e+01
2.774237014545310132e+01
2.687506958631728082e+01
2.809569261579994759e+01
2.163223031160199383e+01
2.515745596558229735e+01
2.104561104072094935e+01
2.259657226059674429e+01
2.509880066947555477e+01
2.808305673411925341e+01
1.811785848449077108e+01
1.579097252077684743e+01
2.488157295692287718e+01
2.195440171448663236e+01
2.537445766761981147e+01
2.435225585756849043e+01
2.220579415384163724e+01
2.874877845749081473e+01
2.856391240223283745e+01
2.344139516243507515e+01
2.457089498229795765e+01
2.632056248047585711e+01
2.918861050214887598e+01
2.319789385494102874e+01
2.761430634740516865e+01
2.409892400976753990e+01
2.307644057857814346e+01
2.442206912316687450e+01
2.328078103067106142e+01
2.850875430504342845e+01
2.346359282507860300e+01
2.663416380268305872e+01
2.746372884637113998e+01
2.413095290279469651e+01
2.621630380634165647e+01
3.100024815479025975e+01
2.751227914915439854e+01
2.915078825369236881e+01
2.496125531546319820e+01
2.195934141039874632e+01
2.062180929338868651e+01
2.399243355402621702e+01
2.287920715654282944e+01
2.425949290415863047e+01
2.576671362957883105e+01
2.548759005146025203e+01
2.622773904132431966e+01
2.734491244715441383e+01
2.423366421326712938e+01
2.175833320623232581e+01
2.591683119979406769e+01
1.987460293438466863e+01
2.457072559273270684e+01
2.825294546871720769e+01
2.753670965849925878e+01
2.598569731898595947e+01
2.751334613604975488e+01
1.939392895010320572e+01
2.928276457075548578e+01
2.696655534066146842e+01
2.533230824179456064e+01
2.519617880995078352e+01
2.337858741037191024e+01
2.340622826822173863e+01
1.878798204196154131e+01
2.819540254714992855e+01
2.521361740917224026e+01
2.550197842109942670e+01
2.426380779308396995e+01
2.410819093808735758e+01
2.621446157704067659e+01
2.994233457975708035e+01
2.031660098384801216e+01
2.437817237902157075e+01
2.261903538513759315e+01
2.192678474892773011e+01
2.452525057575886080e+01
2.391814455276079343e+01
2.612651337059830681e+01
2.627651895125220349e+01
2.091968160099182228e+01
2.401623034445295701e+01
2.305216091000989920e+01
2.700293628492472919e+01
2.453221626388781829e+01
2.149252484059874035e+01
2.569377856764098311e+01
2.454858523506208812e+01
2.329310037653758769e+01
3.087501527916230515e+01
2.111850443721873205e+01
2.736071767880407180e+01
2.937439827506710799e+01
2.015029744505401155e+01
2.749433055432116646e+01
2.646383199532735020e+01
2.310756209515814064e+01
2.680163495850826294e+01
2.581448952473362723e+01
2.137745866641752812e+01
2.795899904031174188e+01
2.167979108294770185e+01
2.380010006220193475e+01
2.868459597013908535e+01
2.589604518652956955e+01
2.167490427540073838e+01
2.586003289713420372e+01
2.551427142465348652e+01
2.331183825596279036e+01
2.789686113144022528e+01
2.419718868993369298e+01
2.180999624837177109e+01
2.660448387172203155e+01
2.184395646435567429e+01
2.929608144452121721e+01
2.611879359675401346e+01
2.122818249796076628e+01
2.834761524088085594e+01
1.940503936338167890e+01
2.714510094977904586e+01
2.939623685960159349e+01
2.332153199211571959e+01
2.327864015593581826e+01
2.367378819326537709e+01
2.687251966476479481e+01
2.324888144212017593e+01
2.276410003696801709e+01
2.515052848647267680e+01
2.369364111451886501e+01
2.726009648872009095e+01
3.096929164984151583e+01
2.743389854621815260e+01
2.402932173576994757e+01
2.222074078533243835e+01
2.590310803910080750e+01
3.006845696902924914e+01
2.523141901052750313e+01
2.095166673181966743e+01
2.689530661115949428e+01
2.835952901674750137e+01
2.406794488902605167e+01
1.887523602818149016e+01
2.395578219072194770e+01
2.369639511219206085e+01
2.936081401048396344e+01
2.229820965942947808e+01
2.471886835029723883e+01
1.682481666477631066e+01
2.557153258612799362e+01
2.682650600619055226e+01
2.549661051423491642e+01
2.617908643921587597e+01
2.465971219388660174e+01
2.472856413069247949e+01
2.730442289713463566e+01
2.848891024824626328e+01
2.548625563893066825e+01
2.544893568376033244e+01
2.193529987465958797e+01
2.481489147192934652e+01
2.836155593733014157e+01
2.028751124706998965e+01
2.354436767292152055e+01
2.623984851275934105e+01
2.157523281270912463e+01
2.092339427058270118e+01
2.425480647066821049e+01
2.372949854083413612e+01
2.423548639905735769e+01
2.566914890873822230e+01
2.572495135139069689e+01
2.458428498396942530e+01
2.156172201055279203e+01
2.543595560410524570e+01
2.256421626212542719e+01
2.674642647202595214e+01
2.219544669615206089e+01
2.982644323404848308e+01
2.773305668590979067e+01
2.617048694843315459e+01
3.014309308572490664e+01
2.694174656903179610e+01
2.808322367042790191e+01
2.646218906016035888e+01
2.533126550306597125e+01
2.705282478042948213e+01
2.559264692357162829e+01
2.155108906758048448e+01
2.402564562208119980e+01
2.110636239890117238e+01
3.145294166698124627e+01
2.590661800289011651e+01
2.979796782379060360e+01
2.949040952493000134e+01
2.486221788456633419e+01
2.304305217077080670e+01
2.416343660554149508e+01
2.901812138164223853e+01
2.533560502777374523e+01
2.315481728187143773e+01
1.933660646918203696e+01
2.602442488025316081e+01
2.510355869034883369e+01
2.366789563078390302e+01
2.762045549926516586e+01
2.776157933440363124e+01
2.631942223353223298e+01
2.657999190405081791e+01
2.467929915824877085e+01
2.580227819821180901e+01
2.637285452481231474e+01
2.375496146747840598e+01
2.693615392887149440e+01
2.441619318320732646e+01
2.615193688691789120e+01
2.484191590448459763e+01
2.234108459328826513e+01
2.455189771817944333e+01
2.320421783085336642e+01
1.796567137344302267e+01
2.232641990584941993e+01
2.649786190531837704e+01
2.665391378343961648e+01
2.436182811081073396e+01
2.364163768759589601e+01
1.932566879411579919e+01
2.111928400291774821e+01
2.516912144595650602e+01
2.238408997247383425e+01
2.954576898542128305e+01
2.439936319295552636e+01
2.504333265968795885e+01
3.046319527318105713e+01
2.423820203695388997e+01
2.527513974697383148e+01
2.259062403347743953e+01
2.513779055122041584e+01
2.292873906866600819e+01
2.114586682441344578e+01
2.646219534413910424e+01
2.020192950850044511e+01
2.650307186991825503e+01
2.884596284488626949e+01
2.741492359171771653e+01
1.951736566728291322e+01
2.314552033866829106e+01
2.491384589112881542e+01
2.577388552786688436e+01
2.943520104693730488e+01
2.992587655872979369e+01
1.771322855203765201e+01
2.484808307897085200e+01
2.681086184401533501e+01
2.433689870393552113e+01
2.599386713935654925e+01
2.291690486736258947e+01
2.833952651003819057e+01
2.705794003438871442e+01
2.113915556949022800e+01
2.594529630582121982e+01
3.055603951898138959e+01
2.351594310925405296e+01
2.224684163154159577e+01
2.478768593845357060e+01
2.181517704178921235e+01
2.496132956164843009e+01
2.511443230110360147e+01
2.216936714947801690e+01
3.305133635077357468e+01
2.116979788023889952e+01
2.140551268857516476e+01
2.389802800421507101e+01
2.571020280892964749e+01
2.698508329002462602e+01
2.133801525555202261e+01
2.411896618811301352e+01
2.415310646898254987e+01
3.048825875764505966e+01
2.167426826409730367e+01
2.851591541753826320e+01
2.333281561734456133e+01
2.503704202677989343e+01
2.645501226127687033e+01
2.857955039793174379e+01
3.336863041924879525e+01
3.255764906653195823e+01
2.212635164530024312e+01
1.826018484793108243e+01
2.383280460343686968e+01
2.451049882855885897e+01
2.656623622955783404e+01
2.060535164189915491e+01
2.962921404935931946e+01
3.178628984986450945e+01
2.113253437912955945e+01
2.949718638175960450e+01
2.842462949678139239e+01
2.247977701947862528e+01
1.952381992327919136e+01
2.593922030749315510e+01
2.701333809149631904e+01
3.022455714963165008e+01
2.344102385997060267e+01
2.712765004401869007e+01
1.930874439636734152e+01
2.307253989381396408e+01
2.402394969122094892e+01
2.458042927194540539e+01
2.374103623554896458e+01
2.850119053967486593e+01
2.706061257249759677e+01
2.755703966406154137e+01
3.159539092532682503e+01
2.383918927734469762e+01
2.371178401678314174e+01
2.365732900008687167e+01
2.807956876478998254e+01
2.709131953563449713e+01
2.820134859944595007e+01
2.523321298966691373e+01
2.506812007995562297e+01
2.747803777484870835e+01
2.641315758042125594e+01
2.387111400978007580e+01
2.933087273557165986e+01
2.370187655198953181e+01
2.506322500771431194e+01
2.572679046646018719e+01
2.162273052257782879e+01
2.337437513160780256e+01
2.860806159941926552e+01
2.817216644929435532e+01
2.394764832884291295e+01
2.170949353089749678e+01
2.655319166936052611e+01
2.741048474507964983e+01
2.304359560122561845e+01
3.057954600941745582e+01
2.689196845400466529e+01
2.400348711094761356e+01
2.204200936185055326e+01
2.069145412993543687e+01
2.602081406982699363e+01
2.143293267985294648e+01
2.306657472116403795e+01
2.287458831950573312e+01
2.052342623375235320e+01
2.910346899873235316e+01
2.013179796698910451e+01
2.468762024593623394e+01
2.628873113601029132e+01
